01001
01003
01005
01007
01009
01011
01013
01015
01017
01019
01021
01023
01025
01027
01029
01031
01033
01035
01037
01039
01041
01043
01047
01049
01051
01053
01055
01059
01063
01065
01067
01069
01071
01073
01075
01077
01081
01085
01087
01089
01091
01093
01095
01097
01099
01101
01103
01107
01109
01111
01115
01117
01119
01121
01123
01125
01127
01129
01131
01133
02020
02090
04003
04005
04007
04009
04013
04015
04017
04019
04021
04023
04025
04027
05007
05011
05015
05023
05027
05029
05031
05035
05043
05045
05051
05057
05061
05065
05069
05073
05075
05077
05079
05083
05091
05093
05107
05111
05113
05115
05119
05123
05125
05131
05133
05135
05139
05141
05143
05145
05149
06001
06007
06013
06019
06023
06025
06029
06031
06037
06039
06041
06043
06047
06053
06055
06057
06059
06061
06065
06067
06069
06071
06073
06075
06077
06079
06081
06083
06085
06087
06089
06095
06097
06099
06101
06103
06107
06111
06113
06115
08001
08003
08005
08013
08014
08015
08019
08025
08029
08031
08035
08037
08039
08041
08045
08059
08067
08069
08075
08083
08085
08087
08089
08091
08097
08101
08105
08107
08117
08119
08123
09001
09003
09005
09007
09009
09011
09013
09015
10001
10003
10005
11001
12001
12003
12005
12007
12009
12011
12013
12015
12017
12019
12021
12023
12027
12029
12031
12033
12035
12039
12043
12051
12053
12055
12057
12061
12063
12065
12069
12071
12073
12075
12077
12079
12081
12083
12085
12086
12087
12089
12091
12095
12097
12099
12101
12103
12105
12107
12109
12111
12113
12115
12117
12119
12121
12125
12127
12129
12131
12133
13001
13003
13005
13007
13009
13011
13013
13015
13017
13019
13021
13025
13027
13029
13031
13033
13035
13037
13039
13045
13049
13051
13055
13057
13059
13061
13063
13065
13067
13069
13071
13073
13075
13077
13081
13083
13085
13087
13089
13091
13093
13095
13097
13099
13103
13107
13111
13113
13115
13117
13119
13121
13123
13127
13129
13131
13133
13135
13137
13139
13141
13143
13145
13149
13151
13153
13155
13157
13159
13161
13163
13165
13167
13171
13173
13175
13177
13179
13181
13183
13185
13187
13189
13191
13193
13195
13197
13199
13205
13207
13213
13215
13217
13219
13221
13223
13225
13227
13229
13231
13233
13235
13237
13239
13241
13243
13245
13247
13249
13251
13253
13255
13257
13259
13261
13263
13269
13271
13273
13275
13277
13279
13281
13285
13287
13289
13291
13293
13297
13299
13303
13307
13311
13313
13315
13317
13319
13321
15003
15009
16001
16005
16013
16027
16031
16039
16053
16069
16075
16083
17001
17005
17007
17011
17015
17019
17021
17027
17029
17031
17037
17043
17049
17051
17053
17057
17063
17067
17075
17077
17079
17081
17083
17085
17089
17091
17093
17097
17099
17103
17105
17109
17111
17113
17115
17117
17119
17133
17135
17137
17141
17143
17157
17161
17163
17167
17173
17177
17179
17181
17183
17191
17195
17197
17199
17201
17203
18001
18003
18005
18009
18011
18013
18015
18017
18019
18021
18023
18025
18027
18029
18031
18033
18035
18037
18039
18041
18043
18045
18047
18049
18051
18053
18055
18057
18059
18061
18063
18065
18067
18069
18071
18073
18077
18079
18081
18085
18087
18089
18091
18093
18095
18097
18099
18103
18105
18107
18109
18111
18113
18117
18119
18123
18127
18133
18135
18137
18139
18141
18143
18145
18147
18149
18151
18153
18157
18159
18163
18167
18169
18171
18173
18175
18177
18181
18183
19005
19007
19009
19011
19013
19017
19019
19021
19023
19027
19031
19033
19043
19045
19047
19049
19055
19057
19061
19067
19077
19087
19091
19099
19103
19113
19115
19117
19121
19123
19127
19135
19137
19139
19149
19153
19155
19157
19163
19169
19171
19179
19181
19183
19187
19193
20009
20011
20027
20031
20035
20037
20055
20057
20061
20067
20079
20085
20091
20103
20111
20115
20125
20161
20169
20173
20175
20177
20191
20209
21001
21003
21005
21009
21011
21015
21017
21019
21027
21029
21031
21035
21037
21039
21047
21051
21055
21059
21061
21067
21073
21077
21081
21083
21085
21093
21101
21107
21109
21111
21117
21125
21137
21141
21143
21145
21149
21151
21157
21163
21169
21177
21179
21185
21195
21199
21207
21211
21213
21217
21227
22001
22003
22005
22007
22009
22011
22013
22015
22017
22019
22021
22025
22027
22029
22031
22033
22037
22039
22041
22043
22045
22047
22049
22051
22053
22055
22057
22059
22061
22063
22065
22067
22069
22071
22073
22075
22077
22079
22081
22083
22085
22087
22089
22091
22093
22095
22097
22099
22101
22103
22105
22109
22111
22113
22115
22117
22119
22121
22125
22127
23001
23003
23005
23007
23009
23011
23013
23019
23023
23027
23031
24001
24003
24005
24009
24011
24013
24015
24017
24019
24021
24025
24027
24029
24031
24033
24035
24037
24039
24041
24043
24045
24047
24510
25001
25003
25005
25007
25009
25011
25013
25015
25017
25021
25023
25025
25027
26001
26005
26007
26009
26011
26015
26017
26021
26023
26025
26027
26029
26031
26033
26035
26037
26039
26041
26043
26045
26047
26049
26051
26053
26055
26057
26059
26063
26065
26067
26069
26073
26075
26077
26079
26081
26087
26091
26093
26099
26101
26103
26107
26111
26113
26115
26117
26121
26125
26127
26129
26135
26137
26139
26145
26147
26149
26151
26155
26157
26159
26161
26163
26165
27003
27009
27013
27015
27019
27021
27023
27025
27027
27035
27037
27045
27049
27053
27061
27065
27067
27079
27083
27087
27091
27095
27099
27103
27105
27109
27111
27119
27123
27131
27137
27139
27141
27145
27151
27153
27163
27167
27169
27171
28001
28003
28005
28007
28011
28013
28015
28017
28019
28021
28023
28025
28027
28029
28031
28033
28035
28037
28039
28041
28043
28045
28047
28049
28051
28053
28057
28059
28061
28063
28065
28067
28069
28071
28073
28075
28077
28079
28081
28083
28085
28087
28089
28091
28093
28095
28097
28099
28101
28103
28105
28107
28109
28111
28113
28115
28117
28121
28123
28129
28133
28135
28137
28139
28143
28145
28149
28151
28153
28155
28157
28159
28161
28163
29007
29013
29019
29021
29027
29029
29031
29035
29037
29047
29051
29069
29071
29075
29077
29083
29095
29099
29107
29111
29113
29115
29135
29143
29145
29155
29159
29163
29165
29169
29183
29186
29187
29189
29195
29201
29207
29213
29221
29510
30013
30029
30031
30063
30111
31001
31019
31037
31043
31047
31053
31055
31059
31067
31079
31081
31093
31109
31111
31119
31141
31151
31153
31155
31159
31177
32003
32019
32031
32510
33005
33009
33011
33013
33015
33017
33019
34001
34003
34005
34007
34009
34011
34013
34015
34017
34019
34021
34023
34025
34027
34029
34031
34033
34035
34037
34039
34041
35001
35005
35013
35015
35029
35031
35035
35039
35043
35045
35049
35061
36001
36003
36005
36007
36009
36011
36013
36015
36017
36019
36021
36025
36027
36029
36035
36037
36039
36043
36047
36051
36053
36055
36057
36059
36061
36063
36065
36067
36069
36071
36073
36075
36077
36079
36081
36083
36085
36087
36089
36091
36093
36099
36101
36103
36105
36107
36109
36111
36113
36115
36117
36119
36121
36123
37001
37007
37015
37017
37019
37021
37023
37025
37027
37031
37033
37035
37037
37039
37045
37047
37049
37051
37055
37057
37059
37061
37063
37065
37067
37069
37071
37073
37077
37079
37081
37083
37085
37089
37091
37093
37097
37099
37101
37103
37105
37107
37111
37113
37117
37119
37123
37125
37127
37129
37131
37133
37135
37139
37141
37143
37145
37147
37149
37151
37153
37155
37157
37159
37161
37163
37167
37171
37175
37179
37181
37183
37185
37187
37191
37193
37195
37197
38017
38035
38059
38071
38089
38101
39001
39003
39007
39009
39011
39013
39015
39017
39019
39021
39023
39025
39027
39029
39033
39035
39037
39039
39041
39043
39045
39049
39053
39055
39057
39059
39061
39063
39071
39073
39075
39077
39081
39083
39085
39087
39089
39093
39095
39097
39099
39101
39103
39107
39109
39111
39113
39117
39119
39123
39127
39129
39133
39135
39137
39139
39141
39143
39147
39149
39151
39153
39155
39157
39159
39163
39165
39167
39169
39171
39173
39175
40001
40013
40015
40017
40019
40021
40023
40027
40031
40033
40037
40041
40047
40049
40051
40055
40065
40071
40077
40079
40081
40083
40087
40089
40091
40093
40097
40101
40109
40113
40115
40117
40119
40121
40123
40125
40131
40133
40135
40137
40139
40141
40143
40145
40147
41003
41005
41033
41039
41043
41047
41051
41053
41059
41065
41067
41071
42001
42003
42005
42007
42009
42011
42013
42015
42017
42019
42021
42025
42027
42029
42031
42035
42037
42041
42043
42045
42047
42049
42051
42055
42057
42059
42061
42063
42067
42069
42071
42073
42075
42077
42079
42081
42083
42085
42087
42089
42091
42093
42095
42097
42099
42101
42103
42107
42109
42111
42115
42117
42119
42123
42125
42127
42129
42131
42133
44001
44003
44005
44007
44009
45003
45005
45007
45011
45013
45015
45017
45019
45021
45023
45025
45027
45029
45031
45033
45035
45037
45039
45041
45043
45045
45047
45049
45051
45053
45055
45057
45059
45061
45063
45065
45067
45069
45071
45075
45077
45079
45081
45083
45085
45089
45091
46005
46013
46035
46087
46093
46099
46103
46121
47001
47003
47005
47007
47009
47011
47013
47017
47019
47033
47035
47037
47047
47051
47053
47059
47061
47063
47065
47071
47073
47075
47085
47089
47093
47097
47107
47111
47113
47115
47117
47119
47123
47125
47131
47141
47147
47149
47155
47157
47159
47163
47165
47167
47169
47187
47189
48005
48013
48021
48027
48029
48031
48037
48039
48041
48049
48057
48059
48061
48067
48069
48073
48085
48091
48093
48099
48107
48113
48115
48117
48121
48123
48135
48139
48141
48143
48147
48149
48157
48167
48177
48179
48181
48183
48185
48189
48193
48199
48201
48203
48209
48213
48215
48217
48219
48221
48227
48231
48239
48241
48245
48251
48257
48265
48273
48277
48285
48287
48291
48293
48303
48305
48309
48315
48321
48323
48325
48329
48331
48337
48339
48341
48347
48349
48355
48357
48361
48363
48365
48367
48375
48381
48387
48397
48401
48403
48405
48419
48423
48439
48441
48449
48451
48453
48467
48469
48471
48477
48479
48481
48485
48489
48491
48493
48497
48499
48503
49003
49005
49011
49035
49049
49051
49057
50001
50003
50007
50011
50015
50021
50023
50025
50027
51001
51003
51005
51007
51009
51013
51015
51019
51023
51025
51029
51031
51033
51035
51036
51041
51047
51059
51061
51063
51065
51067
51069
51073
51075
51079
51081
51083
51085
51087
51089
51093
51095
51097
51099
51101
51107
51109
51113
51117
51121
51127
51131
51133
51137
51139
51143
51147
51153
51159
51161
51165
51169
51171
51175
51177
51179
51181
51183
51187
51191
51193
51195
51197
51199
51510
51540
51550
51570
51590
51595
51600
51610
51620
51630
51640
51650
51660
51670
51680
51683
51685
51700
51710
51730
51740
51760
51770
51775
51800
51810
51830
51840
53003
53005
53007
53011
53017
53021
53025
53029
53033
53035
53039
53041
53045
53047
53049
53053
53057
53061
53063
53065
53067
53071
53073
53077
54001
54003
54019
54027
54033
54035
54037
54039
54041
54045
54049
54057
54059
54061
54067
54069
54071
54077
54079
54087
54099
54107
55001
55007
55009
55011
55013
55015
55019
55021
55025
55027
55029
55039
55041
55043
55051
55053
55055
55057
55059
55061
55071
55073
55075
55077
55079
55081
55087
55089
55095
55101
55103
55105
55111
55117
55127
55131
55133
55135
55139
55141
56021
56025
